5165
5293
5274
5241
5173
5149
5233
5321
4969
3688
4425
5105
3077
4754
5001
4679
4299
3441
5262
4849
4584
4614
4870
4718
5046
4134
4882
3191
4933
4339
5342
5282
4879
5245
5280
4111
4480
5145
5067
4673
4680
5063
3141
4146
5062
5192
5010
4991
4842
4112
4130
5266
4348
3943
5283
5019
4688
5051
5050
4704
4962
3723
4218
5237
5252
5144
5253
2658
4821
5193
4308
4402
5290
4240
5118
5263
4236
4865
5258
4259
5261
4097
4944
4830
5230
5269
4373
4912
5273
4888
4772
5260
5182
4469
5131
4367
5005
5317
5091
5090
3400
5235
3675
4411
4838
4839
3879
4404
3882
5279
3877
4337
5356
3287
5313
3922
5242
4080
4994
4473
4992
4431
5017
4516
4661
4238
4986
5092
5093
4281
4237
5066
4773
5215
4067
5196
4874
4840
5045
5298
5074
4843
5047
5018
4674
4394
4998
4602
5188
4825
4826
4399
4398
4239
5248
5065
5347
5351
5229
5195
5040
5197
5089
4434
5355
5205
4403
4760
4802
5289
4968
4686
4340
5357
4744
5064
5075
