5165
5293
4864
5149
5019
4988
4794
4581
4582
4402
4051
4425
4680
4754
4962
3400
4842
3688
5245
5173
4679
5277
5278
5067
5041
4933
4879
5235
5280
5233
5001
5010
4436
4872
4969
3733
5005
3077
5262
4111
4473
4218
3675
4849
4614
5211
5288
3679
4718
5145
5241
5342
5252
4376
3403
4321
3141
5063
5290
5348
5062
5051
5050
5273
4704
5073
4236
5099
4912
5281
5282
3903
5090
5311
5091
5084
5038
5033
4266
5338
4882
4259
5054
3298
5264
5215
4042
4699
4838
4839
4888
4865
4707
4727
5343
5042
4067
4830
4573
4469
3943
5131
5317
5158
4980
4772
4097
5256
4620
5315
5314
4519
5225
4404
5180
3882
5015
4337
4936
4411
5144
3723
3843
3977
4803
3978
4971
3877
4373
5250
4435
4348
4516
4795
4963
4697
5313
4480
4080
5040
4431
4834
3922
4700
4196
5210
5230
5066
4997
4998
4281
5242
5253
4994
4304
4386
4399
4992
4237
4986
4661
4010
4011
5093
4421
4357
4845
4840
4793
4238
5092
4706
4828
4432
4621
4380
4381
5237
5017
5045
4340
4508
5058
4738
5204
5298
5188
4288
5291
5018
5074
4843
4585
5251
4833
5229
5065
5248
4825
4394
4306
5197
4602
5064
4398
4826
5072
5089
4356
4239
5216
5217
4403
4744
5181
4760
5271
5000
4938
5351
4968
4860
4929
4735
5218
